wind,solar,biomass,coal,month,day,year,quarter,hour,dayofweek,weekofyear
1097,1097,1097,1097,1,3,2019,1,0,3,1
1139,1139,1139,1139,1,3,2019,1,1,3,1
1051,1051,1051,1051,1,3,2019,1,2,3,1
814,814,814,814,1,3,2019,1,3,3,1
746,746,746,746,1,3,2019,1,4,3,1
637,637,637,637,1,3,2019,1,5,3,1
659,659,659,659,1,3,2019,1,6,3,1
549,549,549,549,1,3,2019,1,7,3,1
262,262,262,262,1,3,2019,1,8,3,1
182,182,182,182,1,3,2019,1,9,3,1
180,180,180,180,1,3,2019,1,10,3,1
200,200,200,200,1,3,2019,1,11,3,1
338,338,338,338,1,3,2019,1,12,3,1
454,454,454,454,1,3,2019,1,13,3,1
582,582,582,582,1,3,2019,1,14,3,1
716,716,716,716,1,3,2019,1,15,3,1
1356,1356,1356,1356,1,3,2019,1,16,3,1
1738,1738,1738,1738,1,3,2019,1,17,3,1
2112,2112,2112,2112,1,3,2019,1,18,3,1
2296,2296,2296,2296,1,3,2019,1,19,3,1
2401,2401,2401,2401,1,3,2019,1,20,3,1
2529,2529,2529,2529,1,3,2019,1,21,3,1
2602,2602,2602,2602,1,3,2019,1,22,3,1
2640,2640,2640,2640,1,3,2019,1,23,3,1
2606,2606,2606,2606,1,4,2019,1,1,4,1
2672,2672,2672,2672,1,4,2019,1,2,4,1
2712,2712,2712,2712,1,4,2019,1,3,4,1
2703,2703,2703,2703,1,4,2019,1,4,4,1
2628,2628,2628,2628,1,4,2019,1,5,4,1
2431,2431,2431,2431,1,4,2019,1,7,4,1
2427,2427,2427,2427,1,4,2019,1,8,4,1
2478,2478,2478,2478,1,4,2019,1,9,4,1
2537,2537,2537,2537,1,4,2019,1,10,4,1
2527,2527,2527,2527,1,4,2019,1,11,4,1
2267,2267,2267,2267,1,4,2019,1,12,4,1
1859,1859,1859,1859,1,4,2019,1,13,4,1
1444,1444,1444,1444,1,4,2019,1,14,4,1
981,981,981,981,1,4,2019,1,15,4,1
636,636,636,636,1,4,2019,1,16,4,1
399,399,399,399,1,4,2019,1,17,4,1
346,346,346,346,1,4,2019,1,18,4,1
234,234,234,234,1,4,2019,1,19,4,1
159,159,159,159,1,4,2019,1,20,4,1
113,113,113,113,1,4,2019,1,21,4,1
86,86,86,86,1,4,2019,1,22,4,1
48,48,48,48,1,4,2019,1,23,4,1
